

951 11.8813 0.0535325 12.58
952 11.8938 0.133691 12.5911
953 11.9062 0.10684 12.6
954 11.9188 0.0533641 12.6044
955 11.9313 0.159925 12.6178
956 11.9438 0.0266262 12.62
957 11.9563 0.0531967 12.6244
958 11.9688 0.106282 12.6333
959 11.9813 0.132714 12.6444
960 11.9938 0.132576 12.6556
961 12.0063 0.0794628 12.6622
962 12.0188 0.18522 12.6778
963 12.0312 0.132163 12.6889
964 12.0438 0.0264051 12.6911
965 12.0563 0.0527555 12.6956
966 12.0688 0.131752 12.7067
967 12.0813 0.0526463 12.7111
968 12.0938 0.105184 12.72
969 12.1063 0.105075 12.7289
970 12.1188 0.131208 12.74
971 12.1313 0.183503 12.7556
972 12.1438 0.104751 12.7644
973 12.1562 0.156964 12.7778
974 12.1688 0.0784016 12.7844
975 12.1813 0.130535 12.7956
976 12.1938 0.130401 12.8067
977 12.2063 0.182375 12.8222
978 12.2188 0.156162 12.8356
979 12.2313 0.130002 12.8467
980 12.2438 0.0519476 12.8511
981 12.2563 0.0778419 12.8578
982 12.2688 0.129604 12.8689
983 12.2812 0.0258945 12.8711
984 12.2938 0.0258681 12.8733
985 12.3063 0.0516837 12.8778
986 12.3188 0.129078 12.8889
987 12.3313 0.283684 12.9133
988 12.3438 0.0772901 12.92
989 12.3563 0.102949 12.9289
990 12.3688 0.102845 12.9378
991 12.3813 0.102741 12.9467
992 12.3938 0.128297 12.9578
993 12.4062 0.128168 12.9689
994 12.4188 0 12.9689
995 12.4313 0.102328 12.9778
996 12.4438 0.0511127 12.9822
997 12.4563 0 12.9822
998 12.4688 0.0255051 12.9844
999 12.4813 0.0254795 12.9867
1000 12.4938 0.101816 12.9956
951 11.8813 0.0535325 12.58
952 11.8938 0.133691 12.5911
953 11.9062 0.10684 12.6
954 11.9188 0.0533641 12.6044
955 11.9313 0.159925 12.6178
956 11.9438 0.0266262 12.62
957 11.9563 0.0531967 12.6244
958 11.9688 0.106282 12.6333
959 11.9813 0.132714 12.6444
960 11.9938 0.132576 12.6556
961 12.0063 0.0794628 12.6622
962 12.0188 0.18522 12.6778
963 12.0312 0.132163 12.6889
964 12.0438 0.0264051 12.6911
965 12.0563 0.0527555 12.6956
966 12.0688 0.131752 12.7067
967 12.0813 0.0526463 12.7111
968 12.0938 0.105184 12.72
969 12.1063 0.105075 12.7289
970 12.1188 0.131208 12.74
971 12.1313 0.183503 12.7556
972 12.1438 0.104751 12.7644
973 12.1562 0.156964 12.7778
974 12.1688 0.0784016 12.7844
975 12.1813 0.130535 12.7956
976 12.1938 0.130401 12.8067
977 12.2063 0.182375 12.8222
978 12.2188 0.156162 12.8356
979 12.2313 0.130002 12.8467
980 12.2438 0.0519476 12.8511
981 12.2563 0.0778419 12.8578
982 12.2688 0.129604 12.8689
983 12.2812 0.0258945 12.8711
984 12.2938 0.0258681 12.8733
985 12.3063 0.0516837 12.8778
986 12.3188 0.129078 12.8889
987 12.3313 0.283684 12.9133
988 12.3438 0.0772901 12.92
989 12.3563 0.102949 12.9289
990 12.3688 0.102845 12.9378
991 12.3813 0.102741 12.9467
992 12.3938 0.128297 12.9578
993 12.4062 0.128168 12.9689
994 12.4188 0 12.9689
995 12.4313 0.102328 12.9778
996 12.4438 0.0511127 12.9822
997 12.4563 0 12.9822
998 12.4688 0.0255051 12.9844
999 12.4813 0.0254795 12.9867
1000 12.4938 0.101816 12.9956
951 11.8813 0.0535325 12.58
952 11.8938 0.133691 12.5911
953 11.9062 0.10684 12.6
954 11.9188 0.0533641 12.6044
955 11.9313 0.159925 12.6178
956 11.9438 0.0266262 12.62
957 11.9563 0.0531967 12.6244
958 11.9688 0.106282 12.6333
959 11.9813 0.132714 12.6444
960 11.9938 0.132576 12.6556
961 12.0063 0.0794628 12.6622
962 12.0188 0.18522 12.6778
963 12.0312 0.132163 12.6889
964 12.0438 0.0264051 12.6911
965 12.0563 0.0527555 12.6956
966 12.0688 0.131752 12.7067
967 12.0813 0.0526463 12.7111
968 12.0938 0.105184 12.72
969 12.1063 0.105075 12.7289
970 12.1188 0.131208 12.74
971 12.1313 0.183503 12.7556
972 12.1438 0.104751 12.7644
973 12.1562 0.156964 12.7778
974 12.1688 0.0784016 12.7844
975 12.1813 0.130535 12.7956
976 12.1938 0.130401 12.8067
977 12.2063 0.182375 12.8222
978 12.2188 0.156162 12.8356
979 12.2313 0.130002 12.8467
980 12.2438 0.0519476 12.8511
981 12.2563 0.0778419 12.8578
982 12.2688 0.129604 12.8689
983 12.2812 0.0258945 12.8711
984 12.2938 0.0258681 12.8733
985 12.3063 0.0516837 12.8778
986 12.3188 0.129078 12.8889
987 12.3313 0.283684 12.9133
988 12.3438 0.0772901 12.92
989 12.3563 0.102949 12.9289
990 12.3688 0.102845 12.9378
991 12.3813 0.102741 12.9467
992 12.3938 0.128297 12.9578
993 12.4062 0.128168 12.9689
994 12.4188 0 12.9689
995 12.4313 0.102328 12.9778
996 12.4438 0.0511127 12.9822
997 12.4563 0 12.9822
998 12.4688 0.0255051 12.9844
999 12.4813 0.0254795 12.9867
1000 12.4938 0.101816 12.9956
951 11.8813 0.0535325 12.58
952 11.8938 0.133691 12.5911
953 11.9062 0.10684 12.6
954 11.9188 0.0533641 12.6044
955 11.9313 0.159925 12.6178
956 11.9438 0.0266262 12.62
957 11.9563 0.0531967 12.6244
958 11.9688 0.106282 12.6333
959 11.9813 0.132714 12.6444
960 11.9938 0.132576 12.6556
961 12.0063 0.0794628 12.6622
962 12.0188 0.18522 12.6778
963 12.0312 0.132163 12.6889
964 12.0438 0.0264051 12.6911
965 12.0563 0.0527555 12.6956
966 12.0688 0.131752 12.7067
967 12.0813 0.0526463 12.7111
968 12.0938 0.105184 12.72
969 12.1063 0.105075 12.7289
970 12.1188 0.131208 12.74
971 12.1313 0.183503 12.7556
972 12.1438 0.104751 12.7644
973 12.1562 0.156964 12.7778
974 12.1688 0.0784016 12.7844
975 12.1813 0.130535 12.7956
976 12.1938 0.130401 12.8067
977 12.2063 0.182375 12.8222
978 12.2188 0.156162 12.8356
979 12.2313 0.130002 12.8467
980 12.2438 0.0519476 12.8511
981 12.2563 0.0778419 12.8578
982 12.2688 0.129604 12.8689
983 12.2812 0.0258945 12.8711
984 12.2938 0.0258681 12.8733
985 12.3063 0.0516837 12.8778
986 12.3188 0.129078 12.8889
987 12.3313 0.283684 12.9133
988 12.3438 0.0772901 12.92
989 12.3563 0.102949 12.9289
990 12.3688 0.102845 12.9378
991 12.3813 0.102741 12.9467
992 12.3938 0.128297 12.9578
993 12.4062 0.128168 12.9689
994 12.4188 0 12.9689
995 12.4313 0.102328 12.9778
996 12.4438 0.0511127 12.9822
997 12.4563 0 12.9822
998 12.4688 0.0255051 12.9844
999 12.4813 0.0254795 12.9867
1000 12.4938 0.101816 12.9956
