

951 11.8813 0.0123182 13.6289
952 11.8938 0 13.6289
953 11.9062 0.0122924 13.6311
954 11.9188 0 13.6311
955 11.9313 0 13.6311
956 11.9438 0 13.6311
957 11.9563 0.012241 13.6333
958 11.9688 0.0366845 13.64
959 11.9813 0 13.64
960 11.9938 0 13.64
961 12.0063 0 13.64
962 12.0188 0 13.64
963 12.0312 0 13.64
964 12.0438 0 13.64
965 12.0563 0.0121394 13.6422
966 12.0688 0.0121269 13.6444
967 12.0813 0.0121143 13.6467
968 12.0938 0.0121018 13.6489
969 12.1063 0 13.6489
970 12.1188 0 13.6489
971 12.1313 0.0241288 13.6533
972 12.1438 0 13.6533
973 12.1562 0 13.6533
974 12.1688 0 13.6533
975 12.1813 0 13.6533
976 12.1938 0 13.6533
977 12.2063 0 13.6533
978 12.2188 0 13.6533
979 12.2313 0 13.6533
980 12.2438 0.0478141 13.6622
981 12.2563 0.0119413 13.6644
982 12.2688 0.0119292 13.6667
983 12.2812 0 13.6667
984 12.2938 0 13.6667
985 12.3063 0.0118928 13.6689
986 12.3188 0 13.6689
987 12.3313 0 13.6689
988 12.3438 0.0118567 13.6711
989 12.3563 0 13.6711
990 12.3688 0.0236655 13.6756
991 12.3813 0.0118208 13.6778
992 12.3938 0 13.6778
993 12.4062 0 13.6778
994 12.4188 0.0117851 13.68
995 12.4313 0 13.68
996 12.4438 0.0117614 13.6822
997 12.4563 0 13.6822
998 12.4688 0 13.6822
999 12.4813 0 13.6822
1000 12.4938 0 13.6822
951 11.8813 0.0123182 13.6289
952 11.8938 0 13.6289
953 11.9062 0.0122924 13.6311
954 11.9188 0 13.6311
955 11.9313 0 13.6311
956 11.9438 0 13.6311
957 11.9563 0.012241 13.6333
958 11.9688 0.0366845 13.64
959 11.9813 0 13.64
960 11.9938 0 13.64
961 12.0063 0 13.64
962 12.0188 0 13.64
963 12.0312 0 13.64
964 12.0438 0 13.64
965 12.0563 0.0121394 13.6422
966 12.0688 0.0121269 13.6444
967 12.0813 0.0121143 13.6467
968 12.0938 0.0121018 13.6489
969 12.1063 0 13.6489
970 12.1188 0 13.6489
971 12.1313 0.0241288 13.6533
972 12.1438 0 13.6533
973 12.1562 0 13.6533
974 12.1688 0 13.6533
975 12.1813 0 13.6533
976 12.1938 0 13.6533
977 12.2063 0 13.6533
978 12.2188 0 13.6533
979 12.2313 0 13.6533
980 12.2438 0.0478141 13.6622
981 12.2563 0.0119413 13.6644
982 12.2688 0.0119292 13.6667
983 12.2812 0 13.6667
984 12.2938 0 13.6667
985 12.3063 0.0118928 13.6689
986 12.3188 0 13.6689
987 12.3313 0 13.6689
988 12.3438 0.0118567 13.6711
989 12.3563 0 13.6711
990 12.3688 0.0236655 13.6756
991 12.3813 0.0118208 13.6778
992 12.3938 0 13.6778
993 12.4062 0 13.6778
994 12.4188 0.0117851 13.68
995 12.4313 0 13.68
996 12.4438 0.0117614 13.6822
997 12.4563 0 13.6822
998 12.4688 0 13.6822
999 12.4813 0 13.6822
1000 12.4938 0 13.6822
951 11.8813 0.0123182 13.6289
952 11.8938 0 13.6289
953 11.9062 0.0122924 13.6311
954 11.9188 0 13.6311
955 11.9313 0 13.6311
956 11.9438 0 13.6311
957 11.9563 0.012241 13.6333
958 11.9688 0.0366845 13.64
959 11.9813 0 13.64
960 11.9938 0 13.64
961 12.0063 0 13.64
962 12.0188 0 13.64
963 12.0312 0 13.64
964 12.0438 0 13.64
965 12.0563 0.0121394 13.6422
966 12.0688 0.0121269 13.6444
967 12.0813 0.0121143 13.6467
968 12.0938 0.0121018 13.6489
969 12.1063 0 13.6489
970 12.1188 0 13.6489
971 12.1313 0.0241288 13.6533
972 12.1438 0 13.6533
973 12.1562 0 13.6533
974 12.1688 0 13.6533
975 12.1813 0 13.6533
976 12.1938 0 13.6533
977 12.2063 0 13.6533
978 12.2188 0 13.6533
979 12.2313 0 13.6533
980 12.2438 0.0478141 13.6622
981 12.2563 0.0119413 13.6644
982 12.2688 0.0119292 13.6667
983 12.2812 0 13.6667
984 12.2938 0 13.6667
985 12.3063 0.0118928 13.6689
986 12.3188 0 13.6689
987 12.3313 0 13.6689
988 12.3438 0.0118567 13.6711
989 12.3563 0 13.6711
990 12.3688 0.0236655 13.6756
991 12.3813 0.0118208 13.6778
992 12.3938 0 13.6778
993 12.4062 0 13.6778
994 12.4188 0.0117851 13.68
995 12.4313 0 13.68
996 12.4438 0.0117614 13.6822
997 12.4563 0 13.6822
998 12.4688 0 13.6822
999 12.4813 0 13.6822
1000 12.4938 0 13.6822
951 11.8813 0.0123182 13.6289
952 11.8938 0 13.6289
953 11.9062 0.0122924 13.6311
954 11.9188 0 13.6311
955 11.9313 0 13.6311
956 11.9438 0 13.6311
957 11.9563 0.012241 13.6333
958 11.9688 0.0366845 13.64
959 11.9813 0 13.64
960 11.9938 0 13.64
961 12.0063 0 13.64
962 12.0188 0 13.64
963 12.0312 0 13.64
964 12.0438 0 13.64
965 12.0563 0.0121394 13.6422
966 12.0688 0.0121269 13.6444
967 12.0813 0.0121143 13.6467
968 12.0938 0.0121018 13.6489
969 12.1063 0 13.6489
970 12.1188 0 13.6489
971 12.1313 0.0241288 13.6533
972 12.1438 0 13.6533
973 12.1562 0 13.6533
974 12.1688 0 13.6533
975 12.1813 0 13.6533
976 12.1938 0 13.6533
977 12.2063 0 13.6533
978 12.2188 0 13.6533
979 12.2313 0 13.6533
980 12.2438 0.0478141 13.6622
981 12.2563 0.0119413 13.6644
982 12.2688 0.0119292 13.6667
983 12.2812 0 13.6667
984 12.2938 0 13.6667
985 12.3063 0.0118928 13.6689
986 12.3188 0 13.6689
987 12.3313 0 13.6689
988 12.3438 0.0118567 13.6711
989 12.3563 0 13.6711
990 12.3688 0.0236655 13.6756
991 12.3813 0.0118208 13.6778
992 12.3938 0 13.6778
993 12.4062 0 13.6778
994 12.4188 0.0117851 13.68
995 12.4313 0 13.68
996 12.4438 0.0117614 13.6822
997 12.4563 0 13.6822
998 12.4688 0 13.6822
999 12.4813 0 13.6822
1000 12.4938 0 13.6822
