

951 11.8813 0.0198603 12.7267
952 11.8938 0.0793579 12.7356
953 11.9062 0.0396373 12.74
954 11.9188 0.0791914 12.7489
955 11.9313 0.0395542 12.7533
956 11.9438 0.0197564 12.7556
957 11.9563 0.0197358 12.7578
958 11.9688 0.0985758 12.7689
959 11.9813 0.0787783 12.7778
960 11.9938 0.0393481 12.7822
961 12.0063 0.0196536 12.7844
962 12.0188 0.0588994 12.7911
963 12.0312 0.0196127 12.7933
964 12.0438 0.0587771 12.8
965 12.0563 0.0195721 12.8022
966 12.0688 0.0782072 12.8111
967 12.0813 0.0390631 12.8156
968 12.0938 0.0195114 12.8178
969 12.1063 0.0779649 12.8267
970 12.1188 0.0194711 12.8289
971 12.1313 0.0583532 12.8356
972 12.1438 0.0582931 12.8422
973 12.1562 0.0388221 12.8467
974 12.1688 0 12.8467
975 12.1813 0.0387424 12.8511
976 12.1938 0.0387027 12.8556
977 12.2063 0.0966577 12.8667
978 12.2188 0.0193118 12.8689
979 12.2313 0.0578761 12.8756
980 12.2438 0.0385447 12.88
981 12.2563 0.0770107 12.8889
982 12.2688 0.0192331 12.8911
983 12.2812 0.038427 12.8956
984 12.2938 0.019194 12.8978
985 12.3063 0.0575234 12.9044
986 12.3188 0.03831 12.9089
987 12.3313 0.0956779 12.92
988 12.3438 0.0573486 12.9267
989 12.3563 0.0572906 12.9333
990 12.3688 0.0953879 12.9444
991 12.3813 0.0571749 12.9511
992 12.3938 0.0380782 12.9556
993 12.4062 0.0570597 12.9622
994 12.4188 0.0570023 12.9689
995 12.4313 0.0189817 12.9711
996 12.4438 0.0379252 12.9756
997 12.4563 0.0189436 12.9778
998 12.4688 0.0756983 12.9867
999 12.4813 0.0756225 12.9956
1000 12.4938 0.0377734 13
951 11.8813 0.0198603 12.7267
952 11.8938 0.0793579 12.7356
953 11.9062 0.0396373 12.74
954 11.9188 0.0791914 12.7489
955 11.9313 0.0395542 12.7533
956 11.9438 0.0197564 12.7556
957 11.9563 0.0197358 12.7578
958 11.9688 0.0985758 12.7689
959 11.9813 0.0787783 12.7778
960 11.9938 0.0393481 12.7822
961 12.0063 0.0196536 12.7844
962 12.0188 0.0588994 12.7911
963 12.0312 0.0196127 12.7933
964 12.0438 0.0587771 12.8
965 12.0563 0.0195721 12.8022
966 12.0688 0.0782072 12.8111
967 12.0813 0.0390631 12.8156
968 12.0938 0.0195114 12.8178
969 12.1063 0.0779649 12.8267
970 12.1188 0.0194711 12.8289
971 12.1313 0.0583532 12.8356
972 12.1438 0.0582931 12.8422
973 12.1562 0.0388221 12.8467
974 12.1688 0 12.8467
975 12.1813 0.0387424 12.8511
976 12.1938 0.0387027 12.8556
977 12.2063 0.0966577 12.8667
978 12.2188 0.0193118 12.8689
979 12.2313 0.0578761 12.8756
980 12.2438 0.0385447 12.88
981 12.2563 0.0770107 12.8889
982 12.2688 0.0192331 12.8911
983 12.2812 0.038427 12.8956
984 12.2938 0.019194 12.8978
985 12.3063 0.0575234 12.9044
986 12.3188 0.03831 12.9089
987 12.3313 0.0956779 12.92
988 12.3438 0.0573486 12.9267
989 12.3563 0.0572906 12.9333
990 12.3688 0.0953879 12.9444
991 12.3813 0.0571749 12.9511
992 12.3938 0.0380782 12.9556
993 12.4062 0.0570597 12.9622
994 12.4188 0.0570023 12.9689
995 12.4313 0.0189817 12.9711
996 12.4438 0.0379252 12.9756
997 12.4563 0.0189436 12.9778
998 12.4688 0.0756983 12.9867
999 12.4813 0.0756225 12.9956
1000 12.4938 0.0377734 13
951 11.8813 0.0198603 12.7267
952 11.8938 0.0793579 12.7356
953 11.9062 0.0396373 12.74
954 11.9188 0.0791914 12.7489
955 11.9313 0.0395542 12.7533
956 11.9438 0.0197564 12.7556
957 11.9563 0.0197358 12.7578
958 11.9688 0.0985758 12.7689
959 11.9813 0.0787783 12.7778
960 11.9938 0.0393481 12.7822
961 12.0063 0.0196536 12.7844
962 12.0188 0.0588994 12.7911
963 12.0312 0.0196127 12.7933
964 12.0438 0.0587771 12.8
965 12.0563 0.0195721 12.8022
966 12.0688 0.0782072 12.8111
967 12.0813 0.0390631 12.8156
968 12.0938 0.0195114 12.8178
969 12.1063 0.0779649 12.8267
970 12.1188 0.0194711 12.8289
971 12.1313 0.0583532 12.8356
972 12.1438 0.0582931 12.8422
973 12.1562 0.0388221 12.8467
974 12.1688 0 12.8467
975 12.1813 0.0387424 12.8511
976 12.1938 0.0387027 12.8556
977 12.2063 0.0966577 12.8667
978 12.2188 0.0193118 12.8689
979 12.2313 0.0578761 12.8756
980 12.2438 0.0385447 12.88
981 12.2563 0.0770107 12.8889
982 12.2688 0.0192331 12.8911
983 12.2812 0.038427 12.8956
984 12.2938 0.019194 12.8978
985 12.3063 0.0575234 12.9044
986 12.3188 0.03831 12.9089
987 12.3313 0.0956779 12.92
988 12.3438 0.0573486 12.9267
989 12.3563 0.0572906 12.9333
990 12.3688 0.0953879 12.9444
991 12.3813 0.0571749 12.9511
992 12.3938 0.0380782 12.9556
993 12.4062 0.0570597 12.9622
994 12.4188 0.0570023 12.9689
995 12.4313 0.0189817 12.9711
996 12.4438 0.0379252 12.9756
997 12.4563 0.0189436 12.9778
998 12.4688 0.0756983 12.9867
999 12.4813 0.0756225 12.9956
1000 12.4938 0.0377734 13
951 11.8813 0.0198603 12.7267
952 11.8938 0.0793579 12.7356
953 11.9062 0.0396373 12.74
954 11.9188 0.0791914 12.7489
955 11.9313 0.0395542 12.7533
956 11.9438 0.0197564 12.7556
957 11.9563 0.0197358 12.7578
958 11.9688 0.0985758 12.7689
959 11.9813 0.0787783 12.7778
960 11.9938 0.0393481 12.7822
961 12.0063 0.0196536 12.7844
962 12.0188 0.0588994 12.7911
963 12.0312 0.0196127 12.7933
964 12.0438 0.0587771 12.8
965 12.0563 0.0195721 12.8022
966 12.0688 0.0782072 12.8111
967 12.0813 0.0390631 12.8156
968 12.0938 0.0195114 12.8178
969 12.1063 0.0779649 12.8267
970 12.1188 0.0194711 12.8289
971 12.1313 0.0583532 12.8356
972 12.1438 0.0582931 12.8422
973 12.1562 0.0388221 12.8467
974 12.1688 0 12.8467
975 12.1813 0.0387424 12.8511
976 12.1938 0.0387027 12.8556
977 12.2063 0.0966577 12.8667
978 12.2188 0.0193118 12.8689
979 12.2313 0.0578761 12.8756
980 12.2438 0.0385447 12.88
981 12.2563 0.0770107 12.8889
982 12.2688 0.0192331 12.8911
983 12.2812 0.038427 12.8956
984 12.2938 0.019194 12.8978
985 12.3063 0.0575234 12.9044
986 12.3188 0.03831 12.9089
987 12.3313 0.0956779 12.92
988 12.3438 0.0573486 12.9267
989 12.3563 0.0572906 12.9333
990 12.3688 0.0953879 12.9444
991 12.3813 0.0571749 12.9511
992 12.3938 0.0380782 12.9556
993 12.4062 0.0570597 12.9622
994 12.4188 0.0570023 12.9689
995 12.4313 0.0189817 12.9711
996 12.4438 0.0379252 12.9756
997 12.4563 0.0189436 12.9778
998 12.4688 0.0756983 12.9867
999 12.4813 0.0756225 12.9956
1000 12.4938 0.0377734 13
