

951 11.8813 0 13.2133
952 11.8938 0 13.2133
953 11.9062 0 13.2133
954 11.9188 0 13.2133
955 11.9313 0 13.2133
956 11.9438 0.00986989 13.2156
957 11.9563 0 13.2156
958 11.9688 0 13.2156
959 11.9813 0 13.2156
960 11.9938 0.00982874 13.2178
961 12.0063 0 13.2178
962 12.0188 0 13.2178
963 12.0312 0 13.2178
964 12.0438 0 13.2178
965 12.0563 0 13.2178
966 12.0688 0 13.2178
967 12.0813 0 13.2178
968 12.0938 0.00974747 13.22
969 12.1063 0 13.22
970 12.1188 0 13.22
971 12.1313 0 13.22
972 12.1438 0 13.22
973 12.1562 0 13.22
974 12.1688 0 13.22
975 12.1813 0 13.22
976 12.1938 0 13.22
977 12.2063 0.00965764 13.2222
978 12.2188 0 13.2222
979 12.2313 0 13.2222
980 12.2438 0 13.2222
981 12.2563 0 13.2222
982 12.2688 0.00960844 13.2244
983 12.2812 0 13.2244
984 12.2938 0 13.2244
985 12.3063 0 13.2244
986 12.3188 0 13.2244
987 12.3313 0 13.2244
988 12.3438 0 13.2244
989 12.3563 0 13.2244
990 12.3688 0 13.2244
991 12.3813 0 13.2244
992 12.3938 0.00951153 13.2267
993 12.4062 0 13.2267
994 12.4188 0 13.2267
995 12.4313 0 13.2267
996 12.4438 0 13.2267
997 12.4563 0.0094638 13.2289
998 12.4688 0 13.2289
999 12.4813 0 13.2289
1000 12.4938 0 13.2289
